10010101101000000000000010001100001001000001  
10020111111100001110101001000000000001001100  
10030011000111011110101000111011001100001100  
10040111010100001100000010100101010011010010  
10050111101000110101000000000001001100000000  
10061000111010001110100100000000000100010100  
10070110110110011010100100000001000000000101  
10080100000110000000000000100001000010000000  
10091011111100000010100001000000001000000100  
10101110100100000110001100001101001000001100  
10110101110110011001010100001011001000000000  
10120100101100100010000010010000000100001000  
10131111011100000110110010100110000000001101  
10141011110110010000010000100100110010000100  
10151010111010001010101011001100000111000000  
10160000001001010000011010001010001000000000  
10171101111110011010000001100000001001000000  
10181100101000010001011000100001001010000100  
10191110111100000010000000010101100010010101  
10200101101110010010000001000101100010101101  
10211111111110010111001000100100000000010000  
10220101010000010100000010100000000100010000  
10231011101010000110000010110011000010001000  
10241101000010100000100010010000010010100010  
10251110011100100100100110000011000001001100  
10261111101000000110111000000000001100010000  
10271010000100101101010011001000100000000000  
10280111111010010111010100010100000110010000  
10291100100010001000001001010110000000000000  
10300001110100011110001010100001010100110100  
10310110101110111110110000000101111000101000  
10320011101110010110110110101101100101000100  
10331010100100011011011111101110011010000000  
10340110111010000111001000100011000100010010  
10350011010000111111000011100011001010001100  
10360111110110011100111100000001000000100100  
10371111010100000010010000000100000010100101  
10381111110101111110011100010101000010101000  
10390000100110000100111000100000011000101100  
10400110101110101001100000000100000100010000  
10411100001100101111001010000010000110101000  
10421011010110111101000000110001000110000001  
10430100011100001100001000010110001110010100  
10441010100110010000110000000000100100001100  
10450110111010111010101100010101000000100100  
10461100101100110010000010000100101100100001  
10471010100001001110010010000100000001011000  
10480111101110111000000000110001000100100111  
10490011111011000100011001000111000000000101  
10500010101111001000100001000101111010101000  
10511001111001000111010101000000011101010000  
10520111111100000010000101000011000000000101  
10530010001110111101100001000001101010111010  
10541100110110111010000001000000000100000100  
10551101111110111111010010000001100111110000  
10560111111111011011101010000101000000001101  
10570100110011001110000100001000000101000000  
10580001101100100110100100001001001001100000  
10591110111001111111010011000111010010000000  
10601011110111111100000010100001001010000100  
10611101101101111011001011010101000100000100  
10621011101100001110101011010000010100110000  
10630111101100101111110001010000110000000001  
10641111101110001100011011010000100000100100  
10651111001010000111101100001011101000000010  
10660001101101111010010100000000000000001000  
10670100111100010110110110001100101000001100  
10680001111100000111111000001010101011010100  
10691111100110001111000011010101011111000100  
10701001111010101000000101000101000101000100  
10711100101000000110010001100101000011101010  
10721001101010000111111000000100100010000100  
10731111111000101101101111000101001000001001  
10740011111101110010110111001101000000000101  
10751111101111001111010110100000000000000101  
10760110111110111110001111011001001011000100  
10771111101011110101100010101101010110011100  
10781011111010001010110110000110101110010010  
10790001111110010010100001001101011011000001  
10801100010110101011111010100101101010000010  
10810111111011011000101000000001000011001000  
10820110011010011111010000111110000011001100  
10831101100101001010010011000010011000000100  
10841110111110101000001001100000010100010000  
10851111011010011110011110100100000100000100  
10860001110010001110101000110101010100001000  
10871111101010101111100011000101100011100000  
10880001110010100111110000010101110100100000  
10891010011010111011000000001000100000010100  
10901111100010011110011000001111001110000000  
10911010101110001110110111000110000010100110  
10921010111110001111100000100011001010010001  
10930111111000110111110001001100001010000100  
10941111111101000110100101000000010010001110  
10951100111010011011001111011001100100111100  
10961111010110111001100000000011110110101000  
10971001101010001010001000111001100000010111  
10981011100100101100111110110011000001010000  
10991100110111111010101110100000101011001110  
11001011111100101001111001000100100100101111  
11010111111101001110111001100101001010010110  
11020110101110001111001110111100111000001001  
11031111111000011011110011011100000001010101  
11041101001110011001010101101100000110010100  
11050010111101011110001111000101000000100100  
11061000100111001001000100010010011011000100  
11071110010111100100100100011101000101000110  
11081110101110101101111111101100010010000101  
11091111111111011111111111001101100000110010  
11101101001110111000001010000101110000000110  
11111001011110111111001011001010000000101100  
11121111111110011010100101010100010000010000  
11131110111111100111011101001100101101001100  
11141000100110111000001011000101010100000000  
11151100110001000101110110011101001010000100  
11160111101001001110100000010000100001000000  
11171001111100100010110000010100001101001001  
11180011111101111111100001010101111011010100  
11191111101100111100010000100001001100001101  
11200010111100010111010111010111001000111100  
11211001111111101110110100100111000111010100  
11221110110001011101100011110111100000001011  
11231010111100110101111010000100101000111000  
11241110101111101101111001000100000110100100  
11250111001100010110010010011000101111100000  
11260101111110110111110010110110010110000100  
11271001111110100101101010100101100110101000  
11280101111101111111010111101000001110000000  
11290110111100001100010100011110111011011100  
11301111111010111010011110110101010111100000  
11310011111111011111011100100000010001110100  
11321101011100100000111110001101010110000100  
11330111001111110110111000011111011010000001  
11340111111101111111001010000111010000000100  
11351011000111001110110010000111000010011001  
11360110111011001110111001010101000000000100  
11371111011111010100100101010000100101000001  
11381010010101101111111011001000011011000110  
11391011011110111110111010001101000100110101  
11401111111000100111001001110111100110100001  
11410111111010110111010001101001110000100000  
11420111111100110110111011110110011010100110  
11430100101010011010010100100001001110110100  
11441111101110010010110110110110001010110010  
11451101111110000101011011101100101000011011  
11461111111101110011100010100100001110000010  
11471111111111110100110111110001001010001001  
11480111111011000011101001110011101010010000  
11490111110111111011100010010010010111010100  
11501111010110111110111100010101110110000101  
11511011101101111010110111000100110000011010  
11520111110111101111101010101111100110000000  
11530111010000110110011011100100111011110100  
11541111111111111011011001001011100000100100  
11551110111101101111011000100001010100100110  
11560110111111110111111011000101010111100111  
11571001111111011011111010110110100111001110  
11581111111011111110001000100110001110000000  
11591101111101111111111110010110011001110100  
11601111011101111100010100100001101010010101  
11611010110101101001000110100111100010101000  
11621100110010111110111111010011110011101110  
11631111100110101111001000000101101110101000  
11641101101101001111001010100000000011101101  
11651111101100110111111011011100100010100101  
11661111111011101110101111110100011100000101  
11671010101111111111101010100111001000011000  
11681110111100011101011011110101110101100110  
11691101101111101100111011101000111110110101  
11701111111111001011101000010101110000011101  
11711111011110011010101011010000110111111100  
11720101111111101101100110100111101011011000  
11730101111101000111011011100110101011100000  
11741111111111101101110100111011001010100100  
11750110101100111110011001111110010000100111  
11760110011100111111100010000110101011000100  
11771111111111001110111001100110011001001001  
11781111110111111110110111000110100000111100  
11790110101110110111111001110001101000110000  
11800111111010111111010001100001101011001101  
11811111101101011101010100000100000100011000  
11820111111110111000011001110101100110110100  
11831110101111001110000100000100011100001101  
11841111110110101110110110010001100000110111  
11851111110110000110011110011100011100001001  
11861110110110101111101011110110001100101101  
11870110111010001100100000100011110000110000  
11881111101111011110001100101011111001111101  
11891000011101011110101010110111001110101010  
11901011111011110111100101000101010110101010  
11910111111101111111101111011001100100011011  
11921111111100111011111010001111010001011010  
11930100001100001011111100111100001110000100  
11941011101011111111010110100100100000010100  
11951111111111000011001101010101111110111001  
11961010111101111101110101100010001000001011  
11971111111101110111011111010101100110101110  
11981011101001111101011011110010011101110000  
11991111111110001111101010100111011010010101  
12001110111111111111101111111110000100000100  
12011101011111101010011001010111001101111000  
12021011101111111111111101000101110111000100  
12031111011111111011110101111101100000111101  
12041101111110111111011011110101000110010111  
12051111111110111111001100010100011110011001  
12061110010111001110101111100001111010100000  
12071011101110011110110111001101001010000000  
12081101101111001111111000111101110111010001  
12091100111110100110101001100110001100011100  
12101111101010111110110101010000111001000110  
12111010111011111110001000011100110101000100  
12121111101001011111001001111100010010100101  
12131111111111111111000111011001100101010101  
12140111110111111110010110011001010110010001  
12151111111111100111101111001111000011010100  
12161111111111001111101000010011110101001101  
12171110111001001110010111000101101000010000  
12181110111100111111110011011000110110001100  
12190111011110110111111011110101000011011101  
12201011101111110101111111110100111010101100  
12211111110111101111011011010111001110011100  
12221011101100011101110000010100111101011001  
12231111111011101111110001100100101000001110  
12241110011000111101101111011101110001000110  
12250111111110011010011111101001000011111100  
12261111111111111110110010111100001110001001  
12271111111011110111111101100001110011011101  
12281100111001111111111111100101000000100110  
12291101110110111111011110000000000110010101  
12300101111101111111010011100101101010101000  
12311100101110011110011100110100000000001001  
12320001111101011111110111110111011110010100  
12331110011110011101111100010101011110010011  
12341011011110010110111001101101111111010100  
12351101011111111111000101100011110001110010  
12361101101101101111110100101001111001000111  
12371001111111101111111100011101011011101101  
12381110111011111110111010111100100110000010  
12391111111001111111001111101100000001100111  
12401111001110101111101101001111000000110000  
12410101011111111111111101101101101001100000  
12421011111110111111011000100100101100101101  
12431111101101010111101111110110011000100111  
12441111011100111111001000001111011000010000  
12451101111101011111011001000100110111100001  
12461111111001011111110110000011000110110111  
12471110111111101111010111111010001110100001  
12481111111101111000011110110110101101001011  
12490101110111110111111110110111100010101000  
12501110011101111110111010111101000101000100  
12511011111101110111011111010100000000011000  
12520110111011111011101000000101010110110000  
12531010111100111110001110101100111011110111  
12541110111100101111110111011100001110000100  
12551101111110110111011011011111100000010111  
12560110010111111101011011011100011110001010  
12571110101111011011010111001111111100111100  
12581101100010010111111110101110001010001011  
12591011011001111111011010101101010110111101  
12601111111111111111111001001101101000010000  
12611111111100011010100010110111011110001001  
12621111110111111111011011000011101001101100  
12631101110111111111111111010111011101000110  
12641100011011111111010011001110010000110111  
12651111011111101111110101011000110000011110  
12661110101110111111111001100110110100100000  
12671111101100111111101111110011010111110011  
12681011111111100110100101011101111101101111  
12691111111110110100111111100110000101011001  
12700010111011111010101111111111101101100111  
12711110011101111110111010011010101101010001  
12721110111111111111101100100011110100011101  
12731111111111110111011001011101011110000011  
12741110011001111110011111011101110010010101  
12751111111111101110011110010101101110100000  
12761110011110011010111110001101100011110100  
12771111111101101100101001100101110111110010  
12781111111111111111101011111111111110110110  
12790111111111111111110001101101001111000110  
12801110111111111110001011111101111000111101  
12810110111111111111111111010010011100011111  
12820111011111111111111111001000101110110110  
12831010111101101111111111011101101100111000  
12841101111110101110011101011110101100100111  
12851110111011111111111011100101111101110111  
12861110111101000111001100010100111001101101  
12871110111110101111011101011111011101010110  
12881011101111101111100111100110011011001001  
12891111111110010110111110010100110110010111  
12901110111100110111101011100010110000110001  
12911011111111111111111001100010001000010011  
12921111110111111101101011101100111010111101  
12931111111111111011100111101101101010001101  
12941111111010100111110111001111001011100011  
12951111111111111111001110000111110001001101  
12961111111101011111011000001011011111111110  
12971101111111101111111110011010001011011111  
12981110110111011111110101010110001111010111  
12991110111111111110101101100100100101111101  
13001010111111111111111001100111111111011011  
13011110110111011111101111111101010011100011  
13021010001111001010111100011110101101011011  
13031111111111111011111111110011010100111100  
13041111100111111101111111111111111110001111  
13051010101111111111111011111111111111100011  
13061101111111011110111001101111111100000110  
13071111111111011101001100111111001000110000  
13081110111100111110010011101010011011010101  
13091010111110100110111111101111100111111111  
13101011111110111111011001111110011101011010  
13111111110111111101101011110110101101111001  
13121110111110111110111110100110101000111001  
13131111111101101111101101010111100000110000  
13140111111111111111111111101111110011010111  
13151111111101110111100011100000100101110001  
13161101110100111111111011010011111100110111  
13171101111111111111111011000011001011101011  
13181111111111111111111110110110100101010110  
13191111111111111110111101000001110110101111  
13201111111111111111111101110011110111000011  
13211111111111111111011111100011011010010111  
13221101111011111110111011010100111110111010  
13231111101110111110011111111101101111111011  
13241111111111011010111011110100111001010010  
13251111111101101110101110111111111110110101  
13260111111101111111110100100111010111100011  
13271110111111111111100011100100001011100110  
13281111111110011110111101101101111011011011  
13291110111111111011111111111111011111111101  
13301110111111001111111110100011110111111110  
13311110111110111111011110001111110000011010  
13321110011110011111110111110010100110001000  
13330111111101111111111111101011001011011011  
13340010111111111111110011111101110001111101  
13351111111110111100011111101011010011100101  
13361110111111111110111111011110011001100100  
13371110111111111110111111111101000010111000  
13381110111110111011101001110110111111111110  
13391101110101111110111110100100110011100011  
13401111110111011111111111111110110111111011  
13410101111110111111111011010111010100111111  
13421101111101111011100001001111111110101001  
13430111111011011111111011101000111011111000  
13441011100111011111110111110100111110111011  
13451111001001110110111111000110011001111011  
13460011111110011111101111110111101111100110  
13471110111101111111101110111111000011101100  
13481110011111111000000100100101010011010111  
13491011111011111110110011110100001111011111  
13501111111011111111111111111111011000110110  
13511011111111111011111011110111111111110011  
13521100111110111111111011111111111011011100  
13531111111011101111111101011111010110110111  
13541110111111111111101111101111111101111110  
13551011110111011111101011010001011011101011  
13561111101111111111110011101010111111101101  
13571111111111011101111011101100011011111101  
13580110111111111110001011111111111011111010  
13590111111011111110110101101111101010111110  
13601111111111111110101011011111100111011000  
13611111111100111111111110110111111100011010  
13621111101110011111111011101100011001111011  
13631111101101111011111011101100111101110010  
13641110110011111110100101010110111011011110  
13650110111111111010111011101101101110111111  
13660111111111101111111101011101011100110010  
13671111011111111110011111110111010111000000  
13681111011111111111111110000011111001111011  
13691011111111111111011110001100111100011001  
13701111110111111111111111111101110010101110  
13711110111111011111110010111011101010011010  
13721110101110011111000111101111110101000111  
13731111001100111110111111011101101101110111  
13741110111010111111111101110110101101101111  
13751111111111111101111111011101101110010010  
13761111111111111111111111111110110001110100  
13771100011111111101111101110001011110100001  
13781111111001111100111111001111111011101110  
13791111111110111111111111101110011011111011  
13801111111011111111101101110111111110001110  
13811011111111110111101111011111110111010111  
13821110101111011111110101111111111001101110  
13831111111111111110110111011111111010110110  
13841110111111011111100111111011010111110010  
13850111111111111110011011110011010111101101  
13861111111111111110001111001110111011011101  
13870111111111111101001111010101110110100101  
13881111111111111111001111110111111011011111  
13891011111111111111011011001101110101111011  
13901111011111111110011111111101111111010111  
13911110111110011111111111101111111011111111  
13921110111101110111111111000111111110111111  
13930111111111101010111001110100011110010100  
13941110101101111110011111111100110101111110  
13951111101111111111111001110011011101110111  
13961011001011111110111010111110111101110000  
13971110111110101111111100111110011111111111  
13981110111101111011111111111111111011110011  
13991111111101111111011111111101110001011011  
14001110111001111111110111011110111111111101  
14010100111111111110111011101000011111011111  
14021111111111010111111010011101111111111011  
14031111100001111111101101001110101111110101  
14040111111011111111111100100111111011101111  
14051111111111111111011111101100111111011111  
14061111111111110111111111111001101011111011  
14071111101111111111101101100111110011011011  
14081011111111111111110111111011110111111101  
14091101111111011111111011111100111111001011  
14101111111111111011111101000111011111111111  
14111111111111111111111110101111111111111101  
14121111111111111111111100111111111011111111  
14131101111111111111111101110111111110111110  
14141111111111110110111111111101111011010110  
14151111111111111111111111000111111100111110  
14161111110011111010111101101111100011111111  
14171110111011111111101111100111111011111011  
14181111110111111111011101100111101111111111  
14190111111101001111111001110100111011111011  
14201111111111011111110111101011101111001111  
14211111111111111111111111110101111111101011  
14221110111111110111011111110111010111100111  
14230011111101111111111111101001101010110111  
14241111111111110111001110110111111111111011  
14251011111111110111111101111111111101111011  
14261111111111111111111111111110101101111001  
14271110111011111111111111101011111011110011  
14280010111011111111111111100111111111101110  
14291111111101111111111100110111101111111111  
14301101111111111011110111111111111011111011  
14311100110111111111111101111101011111111111  
14321110111001011111111011101110111100111111  
14331111111111111110111011111111110111010111  
14341111111101101111111111010101111111111101  
14351101111111101111111111111110111111111110  
14361110111011111111111111001100100111101110  
14371111111111101111101011101001110110110111  
14381111111111011111111100111111111101111111  
14390111111111111111111111111111111101111111  
14401011111111111111101111001111111010110011  
14411111111101100111011011101111111111011111  
14421101111111111110111111111010111111111011  
14431111110101111111111111100111111101010111  
14441111111111111110111111000110110111110111  
14451111111101111111101011101111111111001011  
14461111101110111110111100101110101001100011  
14470111111111111111111100101111110111111011  
14480111011111111111111111111111111101110110  
14491011111111111111111111010101111010111011  
14501111111111111111111111111001110110001101  
14511010110111111011111101110110111011111110  
14521110111111111111111011001100111111111111  
14531111111111011110101111111111000111111110  
14541010111111111111111111101111111100111010  
14551111111111111110111110111000110111111011  
14561111111111111111111101111111111111111010  
14571111100011111111111111111110111011110011  
14580111111111111111111100101110010111111111  
14591111111111111111111111011110111111100111  
14601111111111111111111110111101101011001111  
14611111111111111111111111101111111101111111  
14621110111111111110101111111110110011110110  
14631110111111111011111111010111101010011111  
14641111111111111110011111111110111111111111  
14651111111101111110111111101111111110101111  
14660110100101111111101111100110110010111111  
14671111111111111110110111111111101111111111  
14681111111111111111111111000111111011111101  
14691111111101111111111011111110111011110111  
14701111111111111111111101111110111010111110  
14711111111111011111111111111111111011101011  
14721111111111011010111111111111111010111011  
14731011111111110111111111111111111011110111  
14741110111111111110111110101100111111111011  
14751111111101111111111111111111111111011111  
14761111111111110111111101110011111111011010  
14771101111111111111111111011011111111111110  
14781110111101101111111100101101111111111111  
14791111111111111111101111011111111111110011  
14801011111111101110101111111100111101011111  
14811111111111110111111101110010011111111011  
14821111101111111111111011010110111111111111  
14831111111111111111111111111111111111110111  
14841111111111111111101111101110111110111110  
14851110111101111111111101111011111111111011  
14861111110111111111111111111111110001111011  
14871011111111111111111111101110111111111101  
14881110111111101111111111111111111101011111  
14891111111110111111111111111110110111110011  
14901111111111111111111011011111111011111011  
14911111101111111111111111011110111110111011  
14921111110111111111111110101111111111111111  
14931111111111111111111111111111011111111111  
14941111111111111111101111111111111011111111  
14951111111111111111111111110111111111111111  
14961111111111111111111111111110111111111111  
14971110111111111110111111111111111111111011  
14981111111111111110111111111111111111111011  
14991111111111111111111111111111111111111111  
15001111111111111111110101101111111111101111  
